TYPE_NAME,TYPE_POKEMONS_CNT,NEXT_DIFF,PREV_DIFF
water,164,,27
flying,137,27,6
normal,131,6,6
grass,125,6,2
psychic,123,2,27
bug,96,27,4
electric,92,4,3
rock,89,3,1
fire,88,1,3
poison,85,3,2
ground,83,2,4
dragon,79,4,1
fighting,78,1,1
dark,78,1,1
steel,77,1,4
ghost,73,4,1
fairy,72,1,14
ice,58,14,58
shadow,0,58,
unknown,0,58,
